I-
    Te = (b-a)/N = 4 sec / 16384 = 2.4414e-4 s
    fe = 1/Te = 4096 Hz
    e = 1/(b-a) = 0.25 Hz
    
    
 II-
 
 